111099109
111099155
111099168
111099434
111099523
111099569
111099688
111099841
111099882
111100020
111100345
111100396
111100408
111100416
111100417
111100432
111100443
111100470
111100471
111100633
111100802
111100893
111100894
111101016
111101018
111101035
111101116
111101682
111101689
111101864
111101983
111102062
111102089
111102106
111102281
111102295
111102351
111102451
111102464
111102488
111102496
111102510
111102530
111102552
111102632
111102770
111102844
111102858
111102898
111102920
111102964
111103040
111103073
111103080
111103127
111103155
111103158
111103161
111103188
111103189
111103193
111103195
111103217
111103270
111103359
111103360
111103361
111103362
111103363
111103392
111103427
111103428
111103458
111103460
111103466
111103601
111103682
111103742
111103765
111103778
111103790
111103816
111103823
111103826
111103827
111103982
111104168
111104185
111104187
111104188
111104229
111104230
111104234
111104237
111104238
111104240
111104279
111104280
111104430
111104432
111104514
111104515
111104517
111104521
111104614
111104635
111104637
111104742
111104781
111104782
111104806
111104827
111104840
111104911
111104912
111104977
111105049
111105056
111105057
111105058
111105059
111105137
111105148
111105157
111105195
111105319
111105320
111105333
111105335
111105336
111105339
111105494
111105503
111105578
111105597
111105694
111105744
111105930
111105947
111106049
111106077
111106079
111106081
111106119
111106182
111106184
111106235
111106267
111106269
111106275
111106279
111106328
111106329
111106330
111106343
111106471
111106502
111106560
111106614
111106649
111106717
111106726
111106890
111106940
111106989
111107002
111107017
111107163
111107391
111107462
111107563